4294967294,0
134,1
133,2271
133,917
4243767290,0
133,2545
134,3725
133,2544
134,3724
133,2270
133,918
133,2268
133,2346
133,2345
134,3723
133,2543
134,3722
133,2269
133,916
133,2542
134,3721
133,2266
133,2344
133,2541
134,3720
134,3719
133,2540
133,2267
133,915
134,3718
133,2539
134,3717
133,2264
133,2343
133,2538
134,3716
133,2537
134,3715
133,2265
133,914
134,3714
133,2536
133,2262
133,2342
134,3713
133,2535
134,3712
133,2534
133,2263
133,913
134,3711
133,2533
134,3710
133,2260
133,2341
134,3709
133,2532
134,3708
133,2261
133,912
133,2531
134,3707
133,2530
134,3706
133,2258
133,2340
133,2529
134,3705
133,2259
133,911
134,3704
133,2528
134,3703
133,2527
133,2256
133,2339
134,3702
133,2526
134,3701
133,2257
133,910
134,3700
133,2525
134,3699
133,2254
133,2338
133,2524
134,3698
133,2523
134,3697
133,2255
133,909
133,2522
134,3696
133,2252
133,2337
134,3695
133,2521
134,3694
133,2520
133,2253
133,908
134,3693
133,2519
134,3692
133,2250
133,2336
133,2518
134,3691
134,3690
133,2517
133,2251
133,907
134,3689
133,2516
134,3688
133,2248
133,2335
133,2515
134,3687
133,2249
133,906
134,3686
133,2514
134,3685
133,2513
133,2246
133,2334
134,3684
133,2512
134,3683
133,2247
133,905
133,2511
134,3682
134,3681
133,2510
133,2244
133,2333
134,3680
133,2509
134,3679
133,2245
133,904
133,2508
134,3678
133,170
133,169
133,2242
133,2332
133,2507
134,3677
134,3676
133,2506
133,2243
133,903
134,3675
133,2505
134,3674
133,2175
133,2331
133,2504
4294967293,131
4294967293,130
4294967293,129
4294967293,128
4294967293,127
4294967293,126
4294967293,125
4294967293,124
4294967293,123
4294967293,122
4294967293,121
4294967293,120
4294967293,119
4294967293,118
4294967293,117
4294967293,116
4294967293,115
4294967293,114
4294967293,113
4294967293,112
4294967293,111
4294967293,110
4294967293,109
4294967293,108
4294967293,107
4294967293,106
4294967293,105
4294967293,104
4294967293,103
4294967293,102
4294967293,101
4294967293,100
4294967293,99
4294967293,98
4294967293,97
4294967293,96
4294967293,95
4294967293,94
4294967293,93
4294967293,92
4294967293,91
4294967293,90
4294967293,89
4294967293,87
4294967293,86
4294967293,85
4294967293,84
4294967293,83
4294967293,82
4294967293,81
4294967293,80
4294967293,79
4294967293,78
4294967293,77
4294967293,76
4294967293,75
4294967293,74
4294967293,73
4294967293,72
4294967293,71
4294967293,70
4294967293,69
4294967293,68
4294967293,67
4294967293,66
4294967293,65
4294967293,64
4294967293,63
4294967293,62
4294967293,61
4294967293,60
4294967293,59
4294967293,58
4294967293,57
4294967293,56
4294967293,55
4294967293,54
4294967293,53
4294967293,52
4294967293,51
4294967293,50
4294967293,49
4294967293,48
4294967293,47
4294967293,46
4294967293,45
4294967293,44
4294967293,43
4294967293,42
4294967293,41
4294967293,40
4294967293,39
4294967293,38
4294967293,37
4294967293,36
4294967293,35
4294967293,34
4294967293,33
4294967293,32
4294967293,31
4294967293,30
4294967293,29
4294967293,28
4294967293,27
4294967293,26
4294967293,25
4294967293,24
4294967293,23
4294967293,22
4294967293,21
4294967293,20
4294967293,19
4294967293,18
4294967293,17
4294967293,16
4294967293,15
4294967293,14
4294967293,13
4294967293,12
4294967293,11
4294967293,10
4294967293,9
4294967293,8
4294967293,7
4294967293,6
4294967293,5
4294967293,4
4294967293,3
4294967278,132
4294967278,131
4294967278,130
4294967278,129
4294967278,128
4294967278,127
4294967278,126
4294967278,125
4294967278,124
4294967278,123
4294967278,122
4294967278,121
4294967278,120
4294967278,119
4294967278,118
4294967278,117
4294967278,116
4294967278,115
4294967278,114
4294967278,113
4294967278,112
4294967278,111
4294967278,110
4294967278,109
4294967278,108
4294967278,106
4294967278,105
4294967278,104
4294967278,103
4294967278,102
4294967278,101
4294967278,100
4294967278,99
4294967278,98
4294967278,97
4294967278,96
4294967278,95
4294967278,94
4294967278,93
4294967278,92
4294967278,91
4294967278,90
4294967278,89
4294967278,87
4294967278,86
4294967278,85
4294967278,84
4294967278,83
4294967278,82
4294967278,81
4294967278,80
4294967278,79
4294967278,78
4294967278,77
4294967278,76
4294967278,75
4294967278,74
4294967278,73
4294967278,72
4294967278,71
4294967278,70
4294967278,69
4294967278,68
4294967278,67
4294967278,66
4294967278,65
4294967278,64
4294967278,63
4294967278,62
4294967278,61
4294967278,60
4294967278,59
4294967278,58
4294967278,57
4294967278,56
4294967278,55
4294967278,54
4294967278,53
4294967278,52
4294967278,0
4294967278,47
4294967278,46
4294967278,45
4294967278,44
4294967278,43
4294967278,42
4294967278,41
4294967278,40
4294967278,39
4294967278,38
4294967278,37
4294967278,36
4294967278,35
4294967278,34
4294967278,33
4294967278,32
4294967278,31
4294967278,30
4294967278,29
4294967278,28
4294967278,27
4294967278,26
4294967278,25
4294967278,24
4294967278,23
4294967278,22
4294967278,21
4294967278,20
4294967278,19
4294967278,18
4294967278,17
4294967278,16
4294967278,15
4294967278,14
4294967278,13
4294967278,12
4294967278,11
4294967278,10
4294967278,9
4294967278,8
4294967278,7
4294967278,6
4294967278,5
4294967278,4
4294967279,132
4294967279,131
4294967279,130
4294967279,129
4294967279,128
4294967279,127
4294967279,126
4294967279,125
4294967279,124
4294967279,123
4294967279,122
4294967279,121
4294967279,120
4294967279,119
4294967279,118
4294967279,117
4294967279,116
4294967279,115
4294967279,114
4294967279,113
4294967279,112
4294967279,111
4294967279,110
4294967279,109
4294967279,108
4294967279,107
4294967279,106
4294967279,105
4294967279,104
4294967279,103
4294967279,102
4294967279,101
4294967279,100
4294967279,99
4294967279,98
4294967279,97
4294967279,96
4294967279,95
4294967279,94
4294967279,93
4294967279,92
4294967279,91
4294967279,90
4294967279,89
4294967279,87
4294967279,86
4294967279,85
4294967279,84
4294967279,83
4294967279,82
4294967279,81
4294967279,80
4294967279,79
4294967279,78
4294967279,77
4294967279,76
4294967279,75
4294967279,74
4294967279,73
4294967279,72
4294967279,71
4294967279,70
4294967279,69
4294967279,68
4294967279,67
4294967279,66
4294967279,65
4294967279,64
4294967279,63
4294967279,62
4294967279,61
4294967279,60
4294967279,59
4294967279,58
4294967279,57
4294967279,56
4294967279,55
4294967279,54
4294967279,53
4294967279,52
4294967279,49
4294967279,48
4294967279,47
4294967279,46
4294967279,45
4294967279,44
4294967279,43
4294967279,42
4294967279,41
4294967279,40
4294967279,39
4294967279,38
4294967279,37
4294967279,36
4294967279,35
4294967279,34
4294967279,33
4294967279,32
4294967279,31
4294967279,30
4294967279,29
4294967279,28
4294967279,27
4294967279,26
4294967279,25
4294967279,24
4294967279,23
4294967279,22
4294967279,21
4294967279,20
4294967279,19
4294967279,18
4294967279,17
4294967279,16
4294967279,15
4294967279,14
4294967279,13
4294967279,12
4294967279,11
4294967279,10
4294967279,9
4294967279,8
4294967279,7
4294967279,6
4294967279,5
4294967279,4
134,3673
4294967294,5
133,2503
134,3672
133,2241
133,902
134,3671
133,2502
133,2173
134,3670
133,2330
133,2501
134,3669
133,2500
133,2174
133,901
134,3668
134,3667
133,2499
133,2171
133,2329
134,3666
133,2498
134,3665
133,2172
133,900
133,2497
134,3664
133,2496
134,3663
133,2169
133,6
133,5
133,2328
4294967278,279
4294967279,267
4294967278,264
4294967279,266
4294967278,263
4294967279,265
4294967278,277
4294967279,264
4294967278,261
4294967279,263
4294967278,259
4294967279,262
4294967278,258
4294967279,283
4294967278,257
4294967279,259
4294967278,330
4294967279,258
4294967278,329
4294967279,524
4294967278,368
4294967279,559
4294967278,352
4294967279,522
4294967278,294
4294967279,558
4294967278,367
4294967279,521
4294967278,366
4294967279,557
4294967278,365
4294967279,255
4294967278,291
4294967279,574
4294967278,254
4294967279,254
4294967278,253
4294967279,253
4294967278,252
4294967279,250
4294967278,250
4294967279,249
4294967278,248
4294967279,248
4294967278,246
4294967279,246
4294967278,244
4294967279,244
4294967278,242
4294967279,242
4294967278,240
4294967279,240
4294967278,238
4294967279,238
4294967278,237
4294967279,237
4294967278,236
4294967279,236
4294967278,234
4294967279,234
4294967278,232
4294967279,232
4294967278,230
4294967279,230
4294967278,228
4294967279,228
4294967278,226
4294967279,226
4294967278,224
4294967279,224
4294967278,222
4294967279,222
4294967278,220
4294967279,220
4294967278,218
4294967279,218
4294967278,216
4294967279,216
4294967278,214
4294967279,279
4294967278,213
4294967279,214
4294967278,212
4294967279,213
4294967278,211
4294967279,212
4294967278,210
4294967279,211
4294967278,209
4294967279,210
4294967278,196
4294967279,197
4294967278,195
4294967279,196
4294967278,194
4294967279,195
4294967278,193
4294967279,194
131,4
4294967278,192
4294967279,193
4294967278,191
4294967279,192
4294967278,190
4294967279,191
4294967278,189
4294967279,190
4294967278,188
4294967279,189
4294967278,187
4294967279,188
4294967278,186
4294967279,187
4294967278,185
4294967279,186
4294967278,184
4294967279,185
4294967278,183
4294967279,184
4294967278,182
4294967279,183
4294967278,181
4294967279,182
134,3662
134,4
4294967278,180
4294967279,181
4294967278,179
4294967279,180
4294967278,178
4294967279,179
4294967278,177
4294967279,176
4294967278,173
4294967279,175
4294967278,172
4294967279,173
4294967278,171
4294967279,172
4294967279,171
4294967278,168
133,2431
133,2
4294967279,169
133,168
4294967278,167
4294967279,168
4294967278,166
4294967279,167
4294967278,165
4294967278,164
4294967279,165
4294967279,164
4294967279,163
4294967278,161
4294967279,162
4294967278,160
4294967279,161
4294967279,160
4294967278,158
4294967278,156
4294967279,156
4294967278,155
4294967279,155
4294967279,154
4294967278,150
4294967279,150
4294967278,149
4294967279,148
4294967279,147
4294967278,145
4294967279,143
4294967278,140
4294967279,140
4294967278,139
4294967279,139
4294967278,138
4294967279,278
4294967279,136
4294967279,135
4294967278,134
4294967279,133
4294967278,133
4294967279,281
4294967278,272
4294967279,540
4294967278,271
4294967279,274
4294967278,270
4294967279,273
4294967279,272
4294967278,268
4294967279,271
4294967278,281
0,5
4294967279,270
4294967278,266
4294967279,269
4294967279,286
134,3661
133,2170
133,899
133,2430
134,3660
133,2429
133,2167
133,2327
134,3659
133,2428
134,3658
133,2168
133,898
134,3657
133,2427
134,3656
133,2165
133,2326
133,2426
134,3655
133,2425
134,3654
133,2166
133,897
4294967278,208
4294967279,209
4294967278,207
4294967279,208
4294967278,206
4294967279,207
4294967278,205
4294967279,206
4294967278,204
4294967279,205
4294967278,203
4294967279,204
4294967278,202
4294967279,203
4294967278,201
4294967279,202
4294967278,200
4294967279,201
4294967278,199
4294967279,200
133,2424
134,3653
133,2163
133,2325
134,3652
133,2423
4294967278,49
4294967278,296
4294967278,48
4294967278,337
133,1254
133,1619
133,259
133,162
133,140
133,1416
133,1251
133,1626
133,1465
133,152
133,142
133,1411
133,1548
133,1205
133,835
133,532
133,247
133,241
133,1564
133,1552
133,1206
133,199
133,1800
133,1792
133,1521
133,1378
134,3651
133,2422
133,2164
133,896
134,3650
133,2421
134,3649
133,2161
133,2324
134,3648
133,2420
134,3647
133,2419
133,2162
133,639
134,3646
133,2418
134,3645
133,2159
133,2323
133,2417
134,3644
4294967278,269
4294967278,265
134,3643
133,2160
133,638
133,2416
134,3642
133,2415
133,2157
133,2322
134,3641
133,2414
134,3640
133,2158
133,637
133,2413
134,3639
134,3638
4294967278,198
4294967279,199
4294967278,197
4294967279,198
133,2412
133,2432
133,2321
134,3637
133,2411
134,3636
133,2156
133,636
133,2410
4294967279,178
4294967278,176
4294967279,177
4294967278,175
134,3635
133,2154
133,2320
134,3634
133,2409
4294967278,170
4294967278,169
4294967279,170
4294967279,166
4294967278,163
4294967278,162
4294967278,159
4294967279,159
4294967278,157
4294967279,158
134,3633
133,2408
4294967278,154
4294967278,153
4294967279,153
4294967278,152
4294967279,152
4294967278,151
4294967279,151
133,2155
133,635
134,3632
133,2407
134,3631
133,2152
133,2319
133,2406
134,3630
4294967279,149
4294967278,148
134,3629
133,2405
133,2153
133,634
4294967278,147
4294967278,146
4294967279,146
134,3628
133,2404
4294967279,145
4294967278,144
4294967279,144
134,3627
133,2150
133,2318
133,1
133,2403
134,3626
133,2402
133,2151
133,633
134,3625
4294967278,143
4294967278,142
4294967279,142
134,3624
133,2401
133,2148
133,2317
134,3623
133,2400
134,3622
133,2149
133,632
133,2399
134,3621
4294967278,141
4294967279,141
4294967278,275
4294967279,137
4294967278,136
133,2398
134,3620
133,2146
133,2316
134,3619
133,2397
134,3618
133,2147
133,631
133,2396
134,3617
133,2395
133,2144
133,2315
134,3616
134,3615
133,2394
133,2145
133,630
134,3614
133,2393
134,3613
133,2142
133,2314
133,2392
134,3612
133,2391
134,3611
133,2143
133,629
134,3610
133,2390
134,3609
133,2140
133,2313
133,2389
134,3608
133,2388
133,2141
133,628
134,3607
133,2387
134,3606
133,2138
133,2312
134,3605
133,2386
134,3604
133,2385
133,2139
133,627
134,3603
133,2384
134,3602
133,2136
133,2311
134,3601
133,2383
134,3600
133,2137
133,626
133,2382
134,3599
133,2381
133,2134
133,2310
134,3598
133,2380
134,3597
133,2135
133,625
134,3596
133,2379
133,2378
133,2132
133,2309
134,3594
133,2377
133,2133
133,624
133,2376
134,3591
133,2130
133,2308
133,2375
134,3590
133,2374
133,2131
133,623
133,2373
133,2128
133,2307
133,2372
133,2371
133,2129
133,622
134,3585
133,2370
133,2126
133,2306
133,2369
133,0
133,2368
133,2127
133,621
133,2239
133,2124
133,2305
133,2238
134,2171
133,2125
133,620
133,2237
133,2236
133,2122
133,2304
134,2168
133,2235
134,2167
133,2123
133,619
133,2234
133,2233
133,2120
133,2047
133,2232
133,2121
133,618
133,2231
133,2118
133,2046
133,2230
134,2161
133,2229
133,2119
133,617
133,2228
133,2116
133,2045
133,2227
133,2226
133,2117
133,616
133,2225
133,2114
133,2044
133,2224
133,2223
133,2115
133,615
133,2222
134,2151
133,1919
133,2043
133,2221
133,2113
133,614
133,2220
134,1122
134,1121
134,1120
134,1119
134,1118
134,1117
134,1116
134,1115
134,1114
134,1113
134,1112
134,1111
134,1110
134,1109
134,1108
134,1107
134,1106
134,1105
134,1104
134,1103
134,1102
134,1101
134,1100
134,1099
134,1098
134,1097
134,1096
134,1095
134,1094
134,1093
134,1092
134,1091
134,1090
134,1089
134,1088
134,1087
134,1086
134,1085
134,1084
134,1083
134,1082
134,1081
134,1080
134,1079
134,1078
134,1077
134,1076
134,1075
134,1074
134,1073
134,1072
134,1071
134,1070
134,1069
134,1068
134,1067
134,1066
134,1065
134,1064
134,1063
134,1062
134,1061
134,1060
134,1059
134,1058
134,1057
134,1056
134,1055
134,1054
134,1053
134,1052
134,1051
134,1050
134,1049
134,1048
134,1047
134,1046
134,1045
134,1044
134,1043
134,1042
134,1041
134,1040
134,1039
134,1038
134,1037
134,1036
134,1035
134,1034
134,1033
134,1032
134,1031
134,1030
134,1029
134,1028
134,1027
134,1026
134,1025
134,1024
134,1023
134,1022
134,1021
134,1020
134,1019
134,1018
134,1017
134,1016
134,1015
134,1014
134,1013
134,1012
134,1011
134,1010
134,1009
134,1008
134,1007
134,1006
134,1005
134,1004
134,1003
134,1002
134,1001
134,1000
134,999
134,998
134,997
134,996
134,995
134,994
134,993
134,992
134,991
134,990
134,989
134,988
134,987
134,986
134,985
134,984
134,983
134,982
134,981
134,980
134,979
134,978
134,977
134,976
134,975
134,974
134,973
134,972
134,971
134,970
134,969
134,968
134,967
134,966
134,965
134,964
134,963
134,962
134,961
134,960
134,959
134,958
134,957
134,956
134,955
134,954
134,953
134,952
134,951
134,950
134,949
134,948
134,947
134,946
134,945
134,944
134,943
134,942
134,941
134,940
134,939
134,938
134,937
134,936
134,935
134,934
134,933
134,932
134,931
134,930
134,929
134,928
134,927
134,926
134,925
134,924
134,923
134,922
134,921
134,920
134,919
134,918
134,917
134,916
134,915
134,914
134,913
134,912
134,911
134,910
134,909
134,908
134,907
134,906
134,905
134,904
134,903
134,902
134,901
134,900
134,899
134,898
134,897
134,896
134,895
134,894
134,893
134,892
134,891
134,890
134,889
134,888
134,887
134,886
134,885
134,884
134,883
134,882
134,881
134,880
134,879
134,878
134,877
134,876
134,875
134,874
134,873
134,872
134,871
134,870
134,869
134,868
134,867
134,866
134,865
134,864
134,863
134,862
134,861
134,860
134,859
134,858
134,857
134,856
134,855
134,854
134,853
134,852
134,851
134,850
134,849
134,848
134,847
134,846
134,845
134,844
134,843
134,842
134,841
134,840
134,839
134,838
134,837
134,836
134,835
134,834
134,833
134,832
134,639
134,638
134,637
134,636
134,635
134,634
134,633
134,632
134,631
134,630
134,629
134,628
134,627
134,626
134,625
134,624
134,623
134,622
134,621
134,620
134,619
134,618
134,617
134,616
134,615
134,614
134,613
134,612
134,611
134,610
134,609
134,608
134,607
134,606
134,605
134,604
134,603
134,602
134,601
134,600
134,599
134,598
134,597
134,596
134,595
134,594
134,593
134,592
134,591
134,590
134,589
134,588
134,587
134,586
134,585
134,584
134,583
134,582
134,581
134,580
134,579
134,578
134,577
134,576
134,575
134,574
134,573
134,572
134,571
134,570
134,569
134,568
134,567
134,566
134,565
134,564
134,563
134,562
134,561
134,560
134,559
134,558
134,557
134,556
134,555
134,554
134,553
134,552
134,551
134,550
134,549
134,548
134,547
134,546
134,545
134,544
134,543
134,542
134,541
134,540
134,539
134,538
134,537
134,536
134,535
134,534
134,533
134,532
134,531
134,530
134,529
134,528
134,527
134,526
134,525
134,524
134,523
134,522
134,521
134,520
134,519
134,518
134,517
134,516
134,515
134,514
134,513
134,512
134,511
134,510
134,509
134,508
134,507
134,506
134,505
134,504
134,503
134,502
134,501
134,500
134,499
134,498
134,497
134,496
134,495
134,494
134,493
134,492
134,491
134,490
134,489
134,488
134,487
134,486
134,485
134,484
134,483
134,482
134,481
134,480
134,479
134,478
134,477
134,476
134,475
134,474
